00010000
00111010
00000000
00000011
00100100
01000001
00000000
00000001
00110000
01100010
00000000
00000001
00110100
10000011
00000000
00000001
00010100
00100010
00000000
00000011
00101100
11000101
00000000
00000001
00101000
11100110
00000000
00000001
00100101
01001001
00000000
00000001
00101101
10001010
00000000
00000001
00100010
00110000
00000000
00000011
00100110
01010001
00000000
00000011
00110010
01110010
00000000
00000011
00110110
10010011
00000000
00000011
10101110
10110100
00000000
00000011
00101110
11010101
00000000
00000011
00101010
11110110
00000000
00000011
10001111
01000000
00000000
00000000
10101100
00100000
00000000
00000001