00100000001000000000000000000000
00100100010000010000000000000001
00110000011000100000000000000001
00110100100000110000000000000001
00111100101001000000000000000001
00101100110001010000000000000001
00101000111001100000000000000001
00010001000001110000000000000001
00010101001010000000000000000001
00100101010010010000000000000001
00101101100010100000000000000001
00100010001100000000000000000011
00100110010100010000000000000011
00110010011100100000000000000011
00110110100100110000000000000011
00111110101101000000000000000011
00101110110101010000000000000011
00101010111101100000000000000011
00010011000101110000000000000011
00010111001110000000000000000011
00100000001000000000000000000001
00100100010000010000000000000001
00110000011000100000000000000001
00110100100000110000000000000001
00111100101001000000000000000001
00101100110001010000000000000001
00101000111001100000000000000001
00010001000001110000000000000001
00010101001010000000000000000001
00100101010010010000000000000001
00101101100010100000000000000001
00100010001100000000000000000011
00100110010100010000000000000011
00110010011100100000000000000011
00110110100100110000000000000011
00111110101101000000000000000011
00101110110101010000000000000011
00101010111101100000000000000011
00010011000101110000000000000011
00010111001110000000000000000011
00100000001000000000000000000001
00100100010000010000000000000001
00110000011000100000000000000001
00110100100000110000000000000001
00111100101001000000000000000001
00101100110001010000000000000001
00101000111001100000000000000001
00010001000001110000000000000001
00010101001010000000000000000001
00100101010010010000000000000001
00101101100010100000000000000001
00100010001100000000000000000011
00100110010100010000000000000011
00110010011100100000000000000011
00110110100100110000000000000011
00111110101101000000000000000011
00101110110101010000000000000011
00101010111101100000000000000011
00010011000101110000000000000011
00010111001110000000000000000011
00100000001000000000000000000001
00100100010000010000000000000001
00110000011000100000000000000001
00110100100000110000000000000001
00111100101001000000000000000001
00101100110001010000000000000001
00101000111001100000000000000001
00010001000001110000000000000001
00010101001010000000000000000001
00100101010010010000000000000001
00101101100010100000000000000001
00100010001100000000000000000011
00100110010100010000000000000011
00110010011100100000000000000011
00110110100100110000000000000011
00111110101101000000000000000011
00101110110101010000000000000011
00101010111101100000000000000011
00010011000101110000000000000011
00010111001110000000000000000011
00100000001000000000000000000001
00100100010000010000000000000001
00110000011000100000000000000001
00110100100000110000000000000001
00111100101001000000000000000001
00101100110001010000000000000001
00101000111001100000000000000001
00010001000001110000000000000001
00010101001010000000000000000001
00100101010010010000000000000001
00101101100010100000000000000001
00100010001100000000000000000011
00100110010100010000000000000011
00110010011100100000000000000011
00110110100100110000000000000011
00111110101101000000000000000011
00101110110101010000000000000011
00101010111101100000000000000011
00010011000101110000000000000011
00010111001110000000000000000011
00100000001000000000000000000001
00100100010000010000000000000001
00110000011000100000000000000001
00110100100000110000000000000001
00111100101001000000000000000001
00101100110001010000000000000001
00101000111001100000000000000001
00010001000001110000000000000001
00010101001010000000000000000001
00100101010010010000000000000001
00101101100010100000000000000001
00100010001100000000000000000011
00100110010100010000000000000011
00110010011100100000000000000011
00110110100100110000000000000011
00111110101101000000000000000011
00101110110101010000000000000011
00101010111101100000000000000011
00010011000101110000000000000011
00010111001110000000000000000011
00100000001000000000000000000001
00100100010000010000000000000001
00110000011000100000000000000001
00110100100000110000000000000001
00111100101001000000000000000001
00101100110001010000000000000001
00101000111001100000000000000001
00010001000001110000000000000001